=== Confusion Matrix ===
          a      b
a=Rise   15	10
b=Down   11	18
precision_rise: 0.5769230769230769
recall_rise: 0.6
precision_down: 0.6428571428571429
recall_down: 0.6206896551724138
macro_precision: 0.6098901098901099
macro_recall: 0.6103448275862069
macro_f_measure: 0.6101173840134153
acc: 0.6111111111111112
applicability: 1.0


