=== Confusion Matrix ===
          a      b
a=Rise   0	0
b=Down   0	0
precision_Rise1: 0.0
precision_Rise2: 0.08
precision_Down1: 0.2857142857142857
precision_Down2: 0.5
recall_Rise1: 0.0
recall_Rise2: 0.6666666666666666
recall_Down1: 0.2
recall_Down2: 0.5238095238095238
macro_precision: 0.21642857142857141
macro_recall: 0.3476190476190476
macro_f_measure: 0.26676717119942106
acc: 0.2777777777777778
applicability: 1.0


