=== Confusion Matrix ===
          a      b
a=Rise   13	12
b=Down   7	22
precision_rise: 0.65
recall_rise: 0.52
precision_down: 0.6470588235294118
recall_down: 0.7586206896551724
macro_precision: 0.6485294117647059
macro_recall: 0.6393103448275862
macro_f_measure: 0.6438868807144376
acc: 0.6481481481481481
applicability: 1.0


